testing
city
( 734 , 942) 
( 70 , 941) 
( 27 , 622) 
( 3 , 45) 
( 403 , 78) 
( 63 , 582) 
( 694 , 56) 
( 861 , 66) 
( 56 , 104) 
( 27 , 891) 
( 83 , 459) 
( 27 , 800) 
( 358 , 203) 
( 84 , 93) 
( 871 , 92) 
( 377 , 61) 
( 895 , 57) 
( 719 , 20) 
( 79 , 91) 
( 23 , 187) 
distance
1000000000000000	440897	602249	1338970	856057	579841	786596	783505	1161928	502450	657090	520013	687497	1143301	741269	903610	809146	850309	1153226	1075546	
440897	1000000000000000	103610	807305	855658	128930	1172601	1391306	700765	4349	232493	21730	627588	719300	1362402	868649	1462081	1269442	722581	570725	
602249	103610	1000000000000000	333505	437312	2896	765245	1004692	269165	72361	29705	31684	285122	283090	993236	437221	1072649	841268	284665	189241	
1338970	807305	333505	1000000000000000	161089	291969	477602	736605	6290	716292	177796	570601	150989	8865	755633	140132	795808	513281	7892	20564	
856057	855658	437312	161089	1000000000000000	369616	85165	209908	121085	802345	247561	662660	17650	101986	219220	965	242505	103220	105145	156281	
579841	128930	2896	291969	369616	1000000000000000	674837	903060	228533	96777	15529	48820	230666	239562	892964	370037	967849	746180	241337	157625	
786596	1172601	765245	477602	85165	674837	1000000000000000	27989	409348	1142114	535730	998425	134505	373469	32625	100514	40402	1921	379450	467402	
783505	1391306	1004692	736605	209908	903060	27989	1000000000000000	649469	1376181	759733	1234312	271778	604458	776	234281	1237	22280	612149	716885	
1161928	700765	269165	6290	121085	228533	409348	649469	1000000000000000	620210	126754	485257	101005	905	664369	104890	706130	446625	698	7978	
502450	4349	72361	716292	802345	96777	1142114	1376181	620210	1000000000000000	189760	8281	582905	640053	1350737	811400	1448980	1237505	642704	495632	
657090	232493	29705	177796	247561	15529	535730	759733	126754	189760	1000000000000000	119417	141161	133957	755633	244840	820948	597217	135440	77584	
520013	21730	31684	570601	662660	48820	998425	1234312	485257	8281	119417	1000000000000000	465970	503098	1213600	668621	1305473	1087264	505385	375785	
687497	627588	285122	150989	17650	230666	134505	271778	101005	582905	141161	465970	1000000000000000	87176	275490	20525	309685	163810	90385	112481	
1143301	719300	283090	8865	101986	239562	373469	604458	905	640053	133957	503098	87176	1000000000000000	619370	86873	659017	408554	29	12557	
741269	1362402	993236	755633	219220	892964	32625	776	664369	1350737	755633	1213600	275490	619370	1000000000000000	244997	1801	28288	627265	728129	
903610	868649	437221	140132	965	370037	100514	234281	104890	811400	244840	668621	20525	86873	244997	1000000000000000	268340	118645	89704	141192	
809146	1462081	1072649	795808	242505	967849	40402	1237	706130	1448980	820948	1305473	309685	659017	1801	268340	1000000000000000	32345	667012	777284	
850309	1269442	841268	513281	103220	746180	1921	22280	446625	1237505	597217	1087264	163810	408554	28288	118645	32345	1000000000000000	414641	512305	
1153226	722581	284665	7892	105145	241337	379450	612149	698	642704	135440	505385	90385	29	627265	89704	667012	414641	1000000000000000	12352	
1075546	570725	189241	20564	156281	157625	467402	716885	7978	495632	77584	375785	112481	12557	728129	141192	777284	512305	12352	1000000000000000	

   SumFitness : 180136664
Chromosome0 fit: 8.03819e+06
18 11 1 13 12 4 5 0 6 9 10 16 3 2 8 15 19 17 14 7 
Chromosome1 fit: 7.93836e+06
19 5 9 15 8 4 7 11 1 10 13 6 14 12 17 18 3 16 2 0 
Chromosome2 fit: 1.10881e+07
15 9 16 1 5 7 8 19 3 4 2 17 14 12 10 0 13 11 6 18 
Chromosome3 fit: 7.3605e+06
2 0 9 7 17 16 12 4 11 19 10 13 3 5 8 18 1 15 6 14 
Chromosome4 fit: 7.59692e+06
17 6 14 1 0 9 19 3 2 8 13 15 16 12 4 5 10 18 7 11 
Chromosome5 fit: 8.29166e+06
5 11 15 13 8 0 3 2 4 16 18 19 12 6 10 9 1 14 17 7 
Chromosome6 fit: 1.06385e+07
9 6 18 1 17 16 2 15 11 4 3 12 0 13 7 14 10 5 8 19 
Chromosome7 fit: 9.41474e+06
2 7 12 10 19 4 3 8 16 0 11 18 17 15 5 13 14 9 1 6 
Chromosome8 fit: 7.83198e+06
16 9 10 18 11 2 8 7 6 13 15 19 3 4 5 17 1 0 12 14 
Chromosome9 fit: 1.1639e+07
11 18 6 5 17 15 13 9 14 1 19 3 10 0 7 2 16 8 12 4 
Chromosome10 fit: 9.95165e+06
3 5 15 12 17 16 1 0 8 18 4 6 2 7 11 10 13 14 19 9 
Chromosome11 fit: 8.94083e+06
10 18 11 14 5 1 6 12 9 0 13 3 2 4 8 16 7 17 19 15 
Chromosome12 fit: 9.56291e+06
9 2 4 3 1 7 17 10 13 11 15 14 18 16 0 5 12 19 6 8 
Chromosome13 fit: 8.18396e+06
16 2 13 8 10 1 5 7 9 19 12 15 6 11 18 3 4 0 14 17 
Chromosome14 fit: 8.58855e+06
15 10 12 14 0 8 9 1 2 6 19 16 17 4 18 5 7 11 3 13 
Chromosome15 fit: 6.63312e+06
0 6 18 8 3 1 11 2 14 7 19 16 10 13 15 17 4 12 5 9 
Chromosome16 fit: 1.05152e+07
2 10 17 1 4 19 18 14 8 9 16 12 6 0 15 7 11 5 13 3 
Chromosome17 fit: 8.00859e+06
19 11 5 9 8 13 15 16 6 2 4 1 18 12 3 14 0 10 7 17 
Chromosome18 fit: 8.92937e+06
15 0 11 8 6 2 12 17 9 5 1 14 10 19 16 7 13 4 18 3 
Chromosome19 fit: 1.09845e+07
1 16 3 12 10 14 15 6 9 17 5 18 13 19 4 7 11 8 0 2 

   SumFitness : 180136664
Chromosome0 fit: 6.63312e+06
0 6 18 8 3 1 11 2 14 7 19 16 10 13 15 17 4 12 5 9 
Chromosome1 fit: 7.3605e+06
2 0 9 7 17 16 12 4 11 19 10 13 3 5 8 18 1 15 6 14 
Chromosome2 fit: 7.59692e+06
17 6 14 1 0 9 19 3 2 8 13 15 16 12 4 5 10 18 7 11 
Chromosome3 fit: 7.83198e+06
16 9 10 18 11 2 8 7 6 13 15 19 3 4 5 17 1 0 12 14 
Chromosome4 fit: 7.93836e+06
19 5 9 15 8 4 7 11 1 10 13 6 14 12 17 18 3 16 2 0 
Chromosome5 fit: 8.00859e+06
19 11 5 9 8 13 15 16 6 2 4 1 18 12 3 14 0 10 7 17 
Chromosome6 fit: 8.03819e+06
18 11 1 13 12 4 5 0 6 9 10 16 3 2 8 15 19 17 14 7 
Chromosome7 fit: 8.18396e+06
16 2 13 8 10 1 5 7 9 19 12 15 6 11 18 3 4 0 14 17 
Chromosome8 fit: 8.29166e+06
5 11 15 13 8 0 3 2 4 16 18 19 12 6 10 9 1 14 17 7 
Chromosome9 fit: 8.58855e+06
15 10 12 14 0 8 9 1 2 6 19 16 17 4 18 5 7 11 3 13 
Chromosome10 fit: 8.92937e+06
15 0 11 8 6 2 12 17 9 5 1 14 10 19 16 7 13 4 18 3 
Chromosome11 fit: 8.94083e+06
10 18 11 14 5 1 6 12 9 0 13 3 2 4 8 16 7 17 19 15 
Chromosome12 fit: 9.41474e+06
2 7 12 10 19 4 3 8 16 0 11 18 17 15 5 13 14 9 1 6 
Chromosome13 fit: 9.56291e+06
9 2 4 3 1 7 17 10 13 11 15 14 18 16 0 5 12 19 6 8 
Chromosome14 fit: 9.95165e+06
3 5 15 12 17 16 1 0 8 18 4 6 2 7 11 10 13 14 19 9 
Chromosome15 fit: 1.05152e+07
2 10 17 1 4 19 18 14 8 9 16 12 6 0 15 7 11 5 13 3 
Chromosome16 fit: 1.06385e+07
9 6 18 1 17 16 2 15 11 4 3 12 0 13 7 14 10 5 8 19 
Chromosome17 fit: 1.09845e+07
1 16 3 12 10 14 15 6 9 17 5 18 13 19 4 7 11 8 0 2 
Chromosome18 fit: 1.10881e+07
15 9 16 1 5 7 8 19 3 4 2 17 14 12 10 0 13 11 6 18 
Chromosome19 fit: 1.1639e+07
11 18 6 5 17 15 13 9 14 1 19 3 10 0 7 2 16 8 12 4 

   SumFitness : 149801624
Chromosome0 fit: 6.63312e+06
0 6 18 8 3 1 11 2 14 7 19 16 10 13 15 17 4 12 5 9 
Chromosome1 fit: 6.63312e+06
0 6 18 8 3 1 11 2 14 7 19 16 10 13 15 17 4 12 5 9 
Chromosome2 fit: 6.63312e+06
0 6 18 8 3 1 11 2 14 7 19 16 10 13 15 17 4 12 5 9 
Chromosome3 fit: 6.63312e+06
0 6 18 8 3 1 11 2 14 7 19 16 10 13 15 17 4 12 5 9 
Chromosome4 fit: 6.63312e+06
0 6 18 8 3 1 11 2 14 7 19 16 10 13 15 17 4 12 5 9 
Chromosome5 fit: 6.63312e+06
0 6 18 8 3 1 11 2 14 7 19 16 10 13 15 17 4 12 5 9 
Chromosome6 fit: 7.3605e+06
2 0 9 7 17 16 12 4 11 19 10 13 3 5 8 18 1 15 6 14 
Chromosome7 fit: 7.59692e+06
17 6 14 1 0 9 19 3 2 8 13 15 16 12 4 5 10 18 7 11 
Chromosome8 fit: 7.83198e+06
16 9 10 18 11 2 8 7 6 13 15 19 3 4 5 17 1 0 12 14 
Chromosome9 fit: 7.83198e+06
16 9 10 18 11 2 8 7 6 13 15 19 3 4 5 17 1 0 12 14 
Chromosome10 fit: 7.83198e+06
16 9 10 18 11 2 8 7 6 13 15 19 3 4 5 17 1 0 12 14 
Chromosome11 fit: 7.83198e+06
16 9 10 18 11 2 8 7 6 13 15 19 3 4 5 17 1 0 12 14 
Chromosome12 fit: 7.93836e+06
19 5 9 15 8 4 7 11 1 10 13 6 14 12 17 18 3 16 2 0 
Chromosome13 fit: 7.93836e+06
19 5 9 15 8 4 7 11 1 10 13 6 14 12 17 18 3 16 2 0 
Chromosome14 fit: 7.93836e+06
19 5 9 15 8 4 7 11 1 10 13 6 14 12 17 18 3 16 2 0 
Chromosome15 fit: 7.93836e+06
19 5 9 15 8 4 7 11 1 10 13 6 14 12 17 18 3 16 2 0 
Chromosome16 fit: 7.93836e+06
19 5 9 15 8 4 7 11 1 10 13 6 14 12 17 18 3 16 2 0 
Chromosome17 fit: 8.00859e+06
19 11 5 9 8 13 15 16 6 2 4 1 18 12 3 14 0 10 7 17 
Chromosome18 fit: 8.00859e+06
19 11 5 9 8 13 15 16 6 2 4 1 18 12 3 14 0 10 7 17 
Chromosome19 fit: 8.00859e+06
19 11 5 9 8 13 15 16 6 2 4 1 18 12 3 14 0 10 7 17 

iteration times : 3279
   SumFitness : 92118762
Chromosome0 fit: 4.58823e+06
0 10 19 18 8 1 11 2 14 7 3 13 15 4 6 17 16 12 5 9 
Chromosome1 fit: 4.60687e+06
0 10 19 18 3 1 11 2 14 7 8 13 15 4 6 17 16 12 5 9 
Chromosome2 fit: 4.60687e+06
0 10 19 18 3 1 11 2 14 7 8 13 15 4 6 17 16 12 5 9 
Chromosome3 fit: 4.60687e+06
0 10 19 18 3 1 11 2 14 7 8 13 15 4 6 17 16 12 5 9 
Chromosome4 fit: 4.60687e+06
0 10 19 18 3 1 11 2 14 7 8 13 15 4 6 17 16 12 5 9 
Chromosome5 fit: 4.60687e+06
0 10 19 18 3 1 11 2 14 7 8 13 15 4 6 17 16 12 5 9 
Chromosome6 fit: 4.60687e+06
0 10 19 18 3 1 11 2 14 7 8 13 15 4 6 17 16 12 5 9 
Chromosome7 fit: 4.60687e+06
0 10 19 18 3 1 11 2 14 7 8 13 15 4 6 17 16 12 5 9 
Chromosome8 fit: 4.60687e+06
0 10 19 18 3 1 11 2 14 7 8 13 15 4 6 17 16 12 5 9 
Chromosome9 fit: 4.60687e+06
0 10 19 18 3 1 11 2 14 7 8 13 15 4 6 17 16 12 5 9 
Chromosome10 fit: 4.60687e+06
0 10 19 18 3 1 11 2 14 7 8 13 15 4 6 17 16 12 5 9 
Chromosome11 fit: 4.60687e+06
0 10 19 18 3 1 11 2 14 7 8 13 15 4 6 17 16 12 5 9 
Chromosome12 fit: 4.60687e+06
0 10 19 18 3 1 11 2 14 7 8 13 15 4 6 17 16 12 5 9 
Chromosome13 fit: 4.60687e+06
0 10 19 18 3 1 11 2 14 7 8 13 15 4 6 17 16 12 5 9 
Chromosome14 fit: 4.60687e+06
0 10 19 18 3 1 11 2 14 7 8 13 15 4 6 17 16 12 5 9 
Chromosome15 fit: 4.60687e+06
0 10 19 18 3 1 11 2 14 7 8 13 15 4 6 17 16 12 5 9 
Chromosome16 fit: 4.60687e+06
0 10 19 18 3 1 11 2 14 7 8 13 15 4 6 17 16 12 5 9 
Chromosome17 fit: 4.60687e+06
0 10 19 18 3 1 11 2 14 7 8 13 15 4 6 17 16 12 5 9 
Chromosome18 fit: 4.60687e+06
0 10 19 18 3 1 11 2 14 7 8 13 15 4 6 17 16 12 5 9 
Chromosome19 fit: 4.60687e+06
0 10 19 18 3 1 11 2 14 7 8 13 15 4 6 17 16 12 5 9 

finish

Running time is: 0ms
